[
    /* I */
    [
        1.0, 1.0, 1.0, 1.0, 1.0, 1.0, 1.0, 1.0, 1.0, 1.0, 1.0, 1.0, 1.0, 1.0, 1.0, 2.0, 2.0,
        2.0, 2.0, 2.0, 2.0, 2.0, 2.0, 2.0, 2.0, 2.0, 2.0, 2.0, 2.0, 2.0, 3.0, 3.0, 3.0, 3.0,
        3.0, 3.0, 3.0, 3.0, 3.0, 3.0, 3.0, 3.0, 3.0, 3.0, 3.0, 4.0, 4.0, 4.0, 4.0, 4.0, 4.0,
        4.0, 4.0, 4.0, 4.0, 4.0, 4.0, 4.0, 4.0, 4.0, 5.0, 5.0, 5.0, 5.0, 5.0, 5.0, 5.0, 5.0,
        5.0, 5.0, 5.0, 5.0, 5.0, 5.0, 5.0, 6.0, 6.0, 6.0, 6.0, 6.0, 6.0, 6.0, 6.0, 6.0, 6.0,
        6.0, 6.0, 6.0, 6.0, 6.0,
    ],
    /* T */
    [
        1.0, 2.0, 3.0, 4.0, 5.0, 6.0, 7.0, 8.0, 9.0, 10.0, 11.0, 12.0, 13.0, 14.0, 15.0, 1.0,
        2.0, 3.0, 4.0, 5.0, 6.0, 7.0, 8.0, 9.0, 10.0, 11.0, 12.0, 13.0, 14.0, 15.0, 1.0, 2.0,
        3.0, 4.0, 5.0, 6.0, 7.0, 8.0, 9.0, 10.0, 11.0, 12.0, 13.0, 14.0, 15.0, 1.0, 2.0, 3.0,
        4.0, 5.0, 6.0, 7.0, 8.0, 9.0, 10.0, 11.0, 12.0, 13.0, 14.0, 15.0, 1.0, 2.0, 3.0, 4.0,
        5.0, 6.0, 7.0, 8.0, 9.0, 10.0, 11.0, 12.0, 13.0, 14.0, 15.0, 1.0, 2.0, 3.0, 4.0, 5.0,
        6.0, 7.0, 8.0, 9.0, 10.0, 11.0, 12.0, 13.0, 14.0, 15.0,
    ],
    /* C */
    [
        1140640.0, 1215690.0, 1309570.0, 1511530.0, 1676730.0, 1823740.0, 2022890.0, 2314760.0,
        2639160.0, 3247620.0, 3787750.0, 3867750.0, 3996020.0, 4282880.0, 4748320.0, 569292.0,
        640614.0, 777655.0, 999294.0, 1203970.0, 1358100.0, 1501350.0, 1709270.0, 2025400.0,
        2548370.0, 3137740.0, 3557700.0, 3717740.0, 3962370.0, 4209390.0, 286298.0, 309290.0,
        342056.0, 374595.0, 450037.0, 510412.0, 575347.0, 669331.0, 783799.0, 913883.0,
        1041520.0, 1125800.0, 1096070.0, 1198930.0, 1170470.0, 145167.0, 170192.0, 247506.0,
        309391.0, 354338.0, 373941.0, 420915.0, 474017.0, 532590.0, 676771.0, 880438.0,
        1052020.0, 1193680.0, 1303390.0, 1436970.0, 91361.0, 95428.0, 98187.0, 115967.0,
        138382.0, 156228.0, 183169.0, 210212.0, 274024.0, 356915.0, 432344.0, 524294.0,
        530924.0, 581447.0, 610257.0, 68978.0, 74904.0, 83829.0, 98148.0, 118449.0, 133161.0,
        145062.0, 170711.0, 199775.0, 276797.0, 381478.0, 506969.0, 633388.0, 804388.0,
        1009500.0,
    ],
    /* Q */
    [
        0.952757, 0.986757, 1.09198, 1.17578, 1.16017, 1.17376, 1.29051, 1.39067, 1.61273,
        1.82544, 1.54604, 1.5279, 1.6602, 1.82231, 1.93646, 0.520635, 0.534627, 0.655192,
        0.791575, 0.842945, 0.852892, 0.922843, 1.0, 1.19845, 1.34067, 1.32624, 1.24852,
        1.25432, 1.37177, 1.38974, 0.262424, 0.266433, 0.306043, 0.325586, 0.345706, 0.367517,
        0.409937, 0.448023, 0.539595, 0.539382, 0.467967, 0.450544, 0.468793, 0.494397,
        0.493317, 0.086393, 0.09674, 0.1415, 0.169715, 0.173805, 0.164272, 0.170906, 0.17784,
        0.192248, 0.242469, 0.256505, 0.249657, 0.273923, 0.371131, 0.421411, 0.051028,
        0.052646, 0.056348, 0.066953, 0.070308, 0.073961, 0.084946, 0.095474, 0.119814,
        0.150046, 0.144014, 0.1693, 0.172761, 0.18667, 0.213279, 0.037682, 0.039784, 0.044331,
        0.050245, 0.055046, 0.052462, 0.056977, 0.06149, 0.069027, 0.092749, 0.11264, 0.154154,
        0.186461, 0.246847, 0.304013,
    ],
    /* PF */
    [
        106650.0, 110307.0, 110574.0, 121974.0, 196606.0, 265609.0, 263451.0, 316411.0,
        384110.0, 569251.0, 871636.0, 997239.0, 938002.0, 859572.0, 823411.0, 103795.0,
        111477.0, 118664.0, 114797.0, 215322.0, 281704.0, 304818.0, 348609.0, 374579.0,
        544109.0, 853356.0, 1003200.0, 941977.0, 856533.0, 821361.0, 118788.0, 123798.0,
        122882.0, 131274.0, 222037.0, 278721.0, 306564.0, 356073.0, 378311.0, 555267.0,
        850322.0, 1015610.0, 954508.0, 886999.0, 844079.0, 114987.0, 120501.0, 121908.0,
        127220.0, 209405.0, 263148.0, 316724.0, 363598.0, 389436.0, 547376.0, 850418.0,
        1011170.0, 951934.0, 881323.0, 831374.0, 118222.0, 116223.0, 115853.0, 129372.0,
        243266.0, 277930.0, 317273.0, 358794.0, 397667.0, 566672.0, 848393.0, 1005740.0,
        958231.0, 872924.0, 844622.0, 117112.0, 119420.0, 116087.0, 122997.0, 194309.0,
        307923.0, 323595.0, 363081.0, 386422.0, 564867.0, 874818.0, 1013170.0, 930477.0,
        851676.0, 819476.0,
    ],
    /* LF */
    [
        0.534487, 0.532328, 0.547736, 0.540846, 0.591167, 0.575417, 0.594495, 0.597409,
        0.638522, 0.676287, 0.605735, 0.61436, 0.633366, 0.650117, 0.625603, 0.490851,
        0.473449, 0.503013, 0.512501, 0.566782, 0.558133, 0.558799, 0.57207, 0.624763,
        0.628706, 0.58915, 0.532612, 0.526652, 0.540163, 0.528775, 0.524334, 0.537185,
        0.582119, 0.579489, 0.606592, 0.60727, 0.582425, 0.573972, 0.654256, 0.631055, 0.56924,
        0.589682, 0.587953, 0.565388, 0.577078, 0.432066, 0.439669, 0.488932, 0.484181,
        0.529925, 0.532723, 0.549067, 0.55714, 0.611377, 0.645319, 0.611734, 0.580884,
        0.572047, 0.59457, 0.585525, 0.442875, 0.462473, 0.519118, 0.529331, 0.557797,
        0.556181, 0.569327, 0.583465, 0.631818, 0.604723, 0.587921, 0.616159, 0.605868,
        0.594688, 0.635545, 0.448539, 0.475889, 0.500562, 0.500344, 0.528897, 0.495361,
        0.510342, 0.518296, 0.546723, 0.554276, 0.517766, 0.580049, 0.556024, 0.537791,
        0.525775,
    ],
]